8.505443289545879415e-20
0.000000000000000000e+00
1.000000000000000000e+00
1.846767918323166668e-05
1.000000000000000000e+00
1.000000000000000000e+00
1.000000000000000000e+00
1.136670252890326083e-04
7.377058267593383789e-03
0.000000000000000000e+00
1.000000000000000000e+00
1.000000000000000000e+00
1.000000000000000000e+00
9.983224868774414062e-01
2.129045834856102418e-27
0.000000000000000000e+00
1.980589256206121400e-32
1.000000000000000000e+00
1.000000000000000000e+00
1.000000000000000000e+00
1.068600454345869366e-06
1.000000000000000000e+00
7.895051836967468262e-01
1.000000000000000000e+00
1.000000000000000000e+00
1.000000000000000000e+00
1.000000000000000000e+00
1.598197862751174699e-21
1.000000000000000000e+00
1.000000000000000000e+00
1.000000000000000000e+00
1.000000000000000000e+00
0.000000000000000000e+00
1.000000000000000000e+00
1.000000000000000000e+00
1.000000000000000000e+00
1.034026645356789231e-04
1.463758945465087891e-02
1.083120172598681791e-14
4.120737314224243164e-03
0.000000000000000000e+00
9.562269449234008789e-01
8.244815319358167471e-08
1.000000000000000000e+00
1.000000000000000000e+00
1.000000000000000000e+00
1.000000000000000000e+00
6.828134520471540458e-14
0.000000000000000000e+00
1.031591999323122621e-11
1.000000000000000000e+00
9.999997615814208984e-01
1.427392648523095886e-09
1.000000000000000000e+00
1.000000000000000000e+00
1.000000000000000000e+00
1.000000000000000000e+00
0.000000000000000000e+00
1.000000000000000000e+00
1.000000000000000000e+00
9.999998211860656738e-01
1.000000000000000000e+00
1.000000000000000000e+00
8.048181371123064309e-06
1.000000000000000000e+00
1.000000000000000000e+00
5.580263376577441631e-27
1.000000000000000000e+00
9.999994039535522461e-01
1.000000000000000000e+00
5.685996439951425445e-23
0.000000000000000000e+00
1.000000000000000000e+00
1.000000000000000000e+00
1.382385761417026515e-07
9.855495702424071341e-29
1.000000000000000000e+00
1.000000000000000000e+00
1.000000000000000000e+00
3.467023057535101316e-10
9.999154806137084961e-01
0.000000000000000000e+00
8.846153020858764648e-01
0.000000000000000000e+00
9.999818801879882812e-01
1.000000000000000000e+00
1.000000000000000000e+00
2.976775169372558594e-03
4.800229991275273278e-09
1.000000000000000000e+00
9.953178167343139648e-01
1.000000000000000000e+00
0.000000000000000000e+00
0.000000000000000000e+00
1.000000000000000000e+00
1.000000000000000000e+00
0.000000000000000000e+00
1.000000000000000000e+00
1.000000000000000000e+00
2.475930571677054104e-11
1.831084489822387695e-03
1.564451049447263681e-14
1.000000000000000000e+00
9.999552369117736816e-01
1.000000000000000000e+00
1.000000000000000000e+00
1.000000000000000000e+00
0.000000000000000000e+00
0.000000000000000000e+00
1.000000000000000000e+00
1.000000000000000000e+00
4.676523404634203018e-11
1.000000000000000000e+00
1.000000000000000000e+00
0.000000000000000000e+00
2.501157050568969531e-12
1.000000000000000000e+00
0.000000000000000000e+00
0.000000000000000000e+00
1.000000000000000000e+00
1.000000000000000000e+00
2.134553644950187845e-10
9.851859807968139648e-01
0.000000000000000000e+00
1.000000000000000000e+00
1.000000000000000000e+00
1.000000000000000000e+00
1.000000000000000000e+00
0.000000000000000000e+00
1.000000000000000000e+00
1.000000000000000000e+00
0.000000000000000000e+00
6.182848859479806269e-19
3.512608515165993595e-08
0.000000000000000000e+00
1.000000000000000000e+00
9.056182598835618513e-33
0.000000000000000000e+00
5.283951759338378906e-04
1.532420128569356166e-06
1.000000000000000000e+00
0.000000000000000000e+00
1.000000000000000000e+00
1.565871983968538238e-33
1.000000000000000000e+00
9.999592900276184082e-01
1.000000000000000000e+00
1.000000000000000000e+00
5.658829941427463237e-19
1.000000000000000000e+00
3.282753825187683105e-01
0.000000000000000000e+00
1.000000000000000000e+00
8.904230594635009766e-01
5.174696933972489088e-13
1.000000000000000000e+00
0.000000000000000000e+00
0.000000000000000000e+00
3.305083562738074479e-29
0.000000000000000000e+00
3.009273766565511776e-32
5.457614064216613770e-01
1.000000000000000000e+00
1.000000000000000000e+00
1.000000000000000000e+00
1.000000000000000000e+00
5.427837371826171875e-03
4.386416289194017543e-36
1.000000000000000000e+00
1.000000000000000000e+00
1.130136999608066795e-12
3.244224444642895833e-07
9.999356269836425781e-01
1.000000000000000000e+00
1.000000000000000000e+00
9.848047000104998006e-08
5.890905857086181641e-03
0.000000000000000000e+00
1.000000000000000000e+00
1.000000000000000000e+00
1.000000000000000000e+00
9.160084459836070891e-07
1.427953533195136515e-09
1.000000000000000000e+00
1.040542841777500338e-13
1.000000000000000000e+00
1.819860316045959769e-13
1.223465203835165044e-22
1.000000000000000000e+00
1.063257455825805664e-03
1.000000000000000000e+00
2.575391844228391847e-10
2.941981149774442471e-36
0.000000000000000000e+00
1.000000000000000000e+00
1.000000000000000000e+00
2.631168470712268818e-19
1.000000000000000000e+00
1.965893376906779899e-12
7.700679507620221633e-24
1.000000000000000000e+00
1.653265371825973773e-11
1.000000000000000000e+00
0.000000000000000000e+00
2.000927925109863281e-04
9.999967217445373535e-01
9.982060790061950684e-01
7.157161419513863310e-14
1.000000000000000000e+00
1.000000000000000000e+00
0.000000000000000000e+00
1.000000000000000000e+00
3.442062260217149117e-11
1.000000000000000000e+00
1.000000000000000000e+00
1.000000000000000000e+00
1.468507489102157499e-23
5.245007193730606464e-29
1.000000000000000000e+00
1.000000000000000000e+00
1.000000000000000000e+00
6.251931190490722656e-04
0.000000000000000000e+00
1.000000000000000000e+00
3.018473982810974121e-01
1.000000000000000000e+00
6.736956485646906901e-37
1.000000000000000000e+00
1.000000000000000000e+00
5.402648962393073187e-23
1.000000000000000000e+00
1.899594034588530933e-14
0.000000000000000000e+00
6.370179335135617293e-07
1.000000000000000000e+00
9.712835550308227539e-01
1.000000000000000000e+00
8.418362677739971980e-18
0.000000000000000000e+00
5.228729738039559973e-35
1.808269553293939680e-05
1.000000000000000000e+00
3.107224354921490232e-19
0.000000000000000000e+00
1.000000000000000000e+00
1.000000000000000000e+00
1.343658641417277977e-05
0.000000000000000000e+00
1.000000000000000000e+00
1.000000000000000000e+00
1.000000000000000000e+00
2.242497565418943850e-08
9.769370555877685547e-01
1.303659515273147482e-14
9.960892200469970703e-01
1.000000000000000000e+00
9.008095277158553730e-38
0.000000000000000000e+00
2.934930719340299700e-21
4.393420697280357730e-34
0.000000000000000000e+00
1.000000000000000000e+00
2.113853270202525891e-07
1.000000000000000000e+00
0.000000000000000000e+00
1.000000000000000000e+00
1.000000000000000000e+00
6.412698402348017412e-15
1.000000000000000000e+00
0.000000000000000000e+00
9.970802068710327148e-01
1.000000000000000000e+00
7.688999176025390625e-04
1.000000000000000000e+00
1.000000000000000000e+00
4.330205688390570515e-21
2.443289575651194645e-14
1.572091304173548182e-32
4.589379738159760167e-33
2.492715133969609226e-14
0.000000000000000000e+00
1.000000000000000000e+00
0.000000000000000000e+00
0.000000000000000000e+00
1.000000000000000000e+00
9.999997615814208984e-01
2.565381238819297923e-32
8.689270969419737867e-10
2.530781811058754188e-14
1.000000000000000000e+00
9.300930658246928107e-14
2.703938535298179395e-29
1.000000000000000000e+00
1.000000000000000000e+00
9.999970197677612305e-01
1.449559646734808369e-26
1.000000000000000000e+00
1.000000000000000000e+00
1.000000000000000000e+00
1.000000000000000000e+00
1.000000000000000000e+00
2.251190835522720590e-06
6.049781206866281652e-15
1.000000000000000000e+00
1.640421392134854515e-15
1.000000000000000000e+00
0.000000000000000000e+00
1.000000000000000000e+00
9.999980926513671875e-01
0.000000000000000000e+00
1.000000000000000000e+00
2.197455039660357634e-23
1.000000000000000000e+00
0.000000000000000000e+00
1.000000000000000000e+00
0.000000000000000000e+00
0.000000000000000000e+00
1.000000000000000000e+00
3.106853910139761865e-06
2.670567307261557737e-25
1.000000000000000000e+00
1.679564591189933550e-17
9.905642518097053823e-18
1.000000000000000000e+00
1.000000000000000000e+00
0.000000000000000000e+00
1.000000000000000000e+00
4.199445247650146484e-04
1.000000000000000000e+00
9.630475044250488281e-01
9.999898672103881836e-01
4.973400814755204398e-21
9.993439316749572754e-01
1.000000000000000000e+00
1.313955111943497531e-28
1.000000000000000000e+00
9.993071556091308594e-01
0.000000000000000000e+00
9.999997019767761230e-01
7.111101707479861034e-10
1.000000000000000000e+00
0.000000000000000000e+00
1.000000000000000000e+00
1.127585768699645996e-02
1.000000000000000000e+00
9.999760389328002930e-01
9.999996423721313477e-01
3.179864895486650369e-35
1.000000000000000000e+00
1.000000000000000000e+00
8.154120045844592823e-09
1.000000000000000000e+00
8.172680807578013966e-20
9.999998211860656738e-01
0.000000000000000000e+00
0.000000000000000000e+00
1.000000000000000000e+00
1.000000000000000000e+00
8.994641304016113281e-01
3.924055747006605088e-09
9.999991655349731445e-01
1.000000000000000000e+00
1.000000000000000000e+00
1.000000000000000000e+00
0.000000000000000000e+00
1.000000000000000000e+00
0.000000000000000000e+00
0.000000000000000000e+00
1.000000000000000000e+00
1.359999714622972533e-06
1.000000000000000000e+00
1.000000000000000000e+00
1.000000000000000000e+00
6.424521499984029750e-16
7.578253746032714844e-03
8.999789953231811523e-01
3.510781228542327881e-01
1.000000000000000000e+00
1.000000000000000000e+00
6.963569455503518644e-24
0.000000000000000000e+00
0.000000000000000000e+00
1.750990450382232666e-01
0.000000000000000000e+00
2.232405933559576548e-33
2.621919338707812130e-05
0.000000000000000000e+00
0.000000000000000000e+00
1.000000000000000000e+00
1.000000000000000000e+00
1.000000000000000000e+00
5.343171391606193160e-30
0.000000000000000000e+00
1.603937671393362071e-15
1.338831661641838240e-38
4.628922343254089355e-01
1.000000000000000000e+00
9.979685544967651367e-01
1.000000000000000000e+00
1.000000000000000000e+00
1.000000000000000000e+00
1.166720916300406424e-16
0.000000000000000000e+00
1.000000000000000000e+00
0.000000000000000000e+00
2.284680122013564955e-21
1.000000000000000000e+00
1.000000000000000000e+00
1.187735397252254188e-04
1.000000000000000000e+00
9.999992847442626953e-01
3.867103577463726349e-13
8.387638330459594727e-01
5.549664559723616262e-30
0.000000000000000000e+00
1.000000000000000000e+00
1.000000000000000000e+00
0.000000000000000000e+00
9.999409914016723633e-01
5.882738980802269966e-22
1.000000000000000000e+00
4.148684376478146461e-21
1.000000000000000000e+00
1.000000000000000000e+00
2.824704824888613075e-05
1.000000000000000000e+00
1.000000000000000000e+00
4.879685174077196329e-27
1.000000000000000000e+00
1.000000000000000000e+00
8.991641701544450021e-25
4.459743345552104854e-36
0.000000000000000000e+00
0.000000000000000000e+00
1.989919784506355427e-09
1.135332036716896198e-10
2.863132300690018894e-11
2.023863204725414804e-25
9.999893903732299805e-01
1.000000000000000000e+00
1.000000000000000000e+00
1.586053373904462308e-18
0.000000000000000000e+00
1.000000000000000000e+00
0.000000000000000000e+00
3.704457015429387688e-36
9.999897480010986328e-01
1.000000000000000000e+00
1.226587597767322957e-13
0.000000000000000000e+00
2.451626920951018723e-14
1.786507345968857408e-05
1.000000000000000000e+00
1.000000000000000000e+00
1.000000000000000000e+00
1.000000000000000000e+00
1.000000000000000000e+00
3.451704978942871094e-04
2.604457154371706448e-18
9.996318817138671875e-01
0.000000000000000000e+00
1.000000000000000000e+00
1.000000000000000000e+00
0.000000000000000000e+00
1.000000000000000000e+00
4.092410206794738770e-02
9.993962049484252930e-01
1.000000000000000000e+00
1.000000000000000000e+00
1.000000000000000000e+00
0.000000000000000000e+00
1.000000000000000000e+00
1.000000000000000000e+00
3.023156932613346726e-05
1.000000000000000000e+00
1.000000000000000000e+00
0.000000000000000000e+00
7.213761819002684206e-07
0.000000000000000000e+00
1.000000000000000000e+00
0.000000000000000000e+00
1.209715108033831976e-13
1.045425725154647267e-11
3.463327884674072266e-04
9.999084472656250000e-01
8.128533959388732910e-01
1.000000000000000000e+00
5.450238660387185519e-08
5.156109139647924167e-08
1.000000000000000000e+00
0.000000000000000000e+00
3.325482111904420890e-07
1.682429274268024130e-34
0.000000000000000000e+00
1.000000000000000000e+00
0.000000000000000000e+00
1.000000000000000000e+00
9.997599124908447266e-01
1.000000000000000000e+00
1.000000000000000000e+00
0.000000000000000000e+00
9.999961256980895996e-01
2.293496281779994206e-09
1.000000000000000000e+00
1.000000000000000000e+00
0.000000000000000000e+00
1.000000000000000000e+00
1.000000000000000000e+00
1.110334505938226357e-05
0.000000000000000000e+00
9.999918937683105469e-01
1.000000000000000000e+00
8.954187709079653365e-34
1.000000000000000000e+00
1.000000000000000000e+00
9.999972581863403320e-01
1.000000000000000000e+00
1.000000000000000000e+00
1.000000000000000000e+00
9.999887943267822266e-01
2.198393414119649363e-16
1.217070497913406682e-20
1.000000000000000000e+00
0.000000000000000000e+00
1.000000000000000000e+00
1.000000000000000000e+00
9.999997615814208984e-01
1.000000000000000000e+00
9.953818321228027344e-01
1.000000000000000000e+00
9.920427799224853516e-01
0.000000000000000000e+00
1.000000000000000000e+00
9.636471271514892578e-01
1.000000000000000000e+00
1.000000000000000000e+00
6.472917903010966256e-06
0.000000000000000000e+00
1.000000000000000000e+00
1.000000000000000000e+00
3.483455429886817001e-06
0.000000000000000000e+00
1.000000000000000000e+00
1.000000000000000000e+00
1.183576969765454123e-07
2.629262953190991681e-11
1.000000000000000000e+00
1.000000000000000000e+00
5.848983913560321671e-26
1.000148586172144860e-08
1.489257296307222963e-37
0.000000000000000000e+00
0.000000000000000000e+00
1.000000000000000000e+00
1.000000000000000000e+00
9.912475347518920898e-01
9.963401955493397246e-32
4.654336460274829338e-16
1.838731511837999688e-18
1.000000000000000000e+00
1.000000000000000000e+00
9.999457001686096191e-01
1.000000000000000000e+00
1.068562269210815430e-03
1.000000000000000000e+00
4.427518125889838563e-14
5.542424741378226827e-09
1.000000000000000000e+00
1.000000000000000000e+00
1.000000000000000000e+00
4.539523160929093137e-06
9.999806880950927734e-01
1.622232161935244221e-07
9.796093523116624512e-35
1.000000000000000000e+00
3.111860573007879240e-20
1.000000000000000000e+00
1.122021672017581295e-06
1.000000000000000000e+00
1.000000000000000000e+00
2.608219214810989471e-15
1.000000000000000000e+00
1.000000000000000000e+00
1.000000000000000000e+00
1.000000000000000000e+00
1.000000000000000000e+00
0.000000000000000000e+00
0.000000000000000000e+00
1.000000000000000000e+00
1.000000000000000000e+00
1.000000000000000000e+00
2.423849105834960938e-01
5.724950186597894913e-32
4.430578896385400922e-13
1.000000000000000000e+00
1.693207726805034952e-11
1.000000000000000000e+00
1.000000000000000000e+00
1.000000000000000000e+00
1.000000000000000000e+00
1.000000000000000000e+00
5.447786844439651485e-15
9.997489452362060547e-01
3.172159194946289062e-04
1.000000000000000000e+00
0.000000000000000000e+00
1.000000000000000000e+00
1.000000000000000000e+00
1.000000000000000000e+00
9.982845783233642578e-01
0.000000000000000000e+00
1.000000000000000000e+00
0.000000000000000000e+00
1.311649444715699288e-16
9.999344348907470703e-01
3.223334932300758737e-10
0.000000000000000000e+00
2.585415082023700961e-08
1.000000000000000000e+00
9.999285340309143066e-01
4.406821786384098032e-16
1.000000000000000000e+00
1.517377155940043668e-25
1.000000000000000000e+00
9.594250444245135341e-33
1.408355921575683845e-14
1.895919757281735169e-33
0.000000000000000000e+00
1.000000000000000000e+00
1.000000000000000000e+00
9.999995827674865723e-01
0.000000000000000000e+00
0.000000000000000000e+00
3.414196425577387117e-10
1.000000000000000000e+00
6.909202349787355035e-14
2.692282199859619141e-03
1.000000000000000000e+00
1.137675701258847316e-13
1.000000000000000000e+00
1.000000000000000000e+00
1.000000000000000000e+00
1.000000000000000000e+00
1.000000000000000000e+00
2.850873172283172607e-01
0.000000000000000000e+00
1.000000000000000000e+00
5.976402013800971139e-23
4.947217834181516133e-19
1.417202878784624879e-32
1.000000000000000000e+00
1.000000000000000000e+00
3.871232271194458008e-03
1.098814606666564941e-02
1.000000000000000000e+00
1.000000000000000000e+00
2.659846586539060809e-06
8.945341687649488449e-05
1.000000000000000000e+00
0.000000000000000000e+00
3.172800021843114049e-13
9.999988079071044922e-01
1.902323089379545073e-19
1.000000000000000000e+00
1.087976264635415191e-09
1.000000000000000000e+00
1.000000000000000000e+00
1.000000000000000000e+00
9.228301048278808594e-02
9.147014617919921875e-01
1.000000000000000000e+00
9.992815360541260921e-19
2.466963877623129520e-08
0.000000000000000000e+00
0.000000000000000000e+00
4.497517693380359560e-06
1.000000000000000000e+00
1.000000000000000000e+00
1.000000000000000000e+00
1.000000000000000000e+00
1.000000000000000000e+00
1.000000000000000000e+00
1.000000000000000000e+00
4.221301042287657963e-23
1.000000000000000000e+00
1.000000000000000000e+00
1.000000000000000000e+00
9.999793767929077148e-01
5.947983849242445202e-19
0.000000000000000000e+00
1.392550311174467481e-11
9.999998807907104492e-01
1.000000000000000000e+00
1.300134499615523964e-05
0.000000000000000000e+00
9.999991655349731445e-01
1.000000000000000000e+00
1.523560478332025168e-17
0.000000000000000000e+00
9.394019842147827148e-01
1.000000000000000000e+00
3.716383423224556282e-09
0.000000000000000000e+00
1.000000000000000000e+00
0.000000000000000000e+00
2.468397269694833085e-06
5.610618566964653553e-11
1.000000000000000000e+00
1.000000000000000000e+00
3.230351387253505687e-25
9.852983951568603516e-01
0.000000000000000000e+00
5.608322115510390639e-21
2.439791597919072075e-11
4.782707270806448180e-29
9.847313165664672852e-01
1.000000000000000000e+00
1.000000000000000000e+00
1.000000000000000000e+00
1.000000000000000000e+00
9.999353885650634766e-01
1.000000000000000000e+00
0.000000000000000000e+00
1.000000000000000000e+00
9.999111890792846680e-01
2.937144448723818125e-16
1.000000000000000000e+00
3.285639104433357716e-05
1.432998669770313427e-05
1.000000000000000000e+00
1.000000000000000000e+00
9.999711513519287109e-01
9.999743700027465820e-01
1.000000000000000000e+00
1.000000000000000000e+00
0.000000000000000000e+00
7.437615383602477759e-14
1.841132327456634715e-25
5.392832523279271551e-36
7.230620384216308594e-01
1.000000000000000000e+00
0.000000000000000000e+00
1.000000000000000000e+00
3.496722078555336566e-10
1.000000000000000000e+00
2.240562204936153408e-18
1.000000000000000000e+00
5.711412657628401475e-29
1.000000000000000000e+00
0.000000000000000000e+00
9.996727108955383301e-01
0.000000000000000000e+00
1.000000000000000000e+00
1.000000000000000000e+00
1.000000000000000000e+00
0.000000000000000000e+00
2.790120853428150868e-30
2.203240980500412172e-13
0.000000000000000000e+00
9.999990463256835938e-01
1.000000000000000000e+00
9.997708797454833984e-01
0.000000000000000000e+00
9.900206923484802246e-01
1.000000000000000000e+00
0.000000000000000000e+00
7.198479009054570277e-14
1.000000000000000000e+00
1.000000000000000000e+00
9.999994039535522461e-01
1.000000000000000000e+00
9.992780685424804688e-01
1.000000000000000000e+00
4.094249952886112138e-16
7.234641413141477723e-17
1.000000000000000000e+00
3.043403007199593758e-37
4.801184489562209443e-23
1.431708483323745895e-06
0.000000000000000000e+00
0.000000000000000000e+00
3.413975238800048828e-03
0.000000000000000000e+00
1.000000000000000000e+00
2.609485231501833981e-21
1.000000000000000000e+00
1.515746039581995769e-32
1.000000000000000000e+00
1.000000000000000000e+00
1.000000000000000000e+00
1.000000000000000000e+00
9.999969005584716797e-01
9.966326951980590820e-01
1.000000000000000000e+00
1.000000000000000000e+00
8.585954904556274414e-01
1.723949565709271975e-35
1.000000000000000000e+00
1.000000000000000000e+00
1.000000000000000000e+00
1.000000000000000000e+00
9.999861121177673340e-01
1.000000000000000000e+00
1.000000000000000000e+00
3.866712021660781472e-17
0.000000000000000000e+00
4.186130793048338300e-17
1.000000000000000000e+00
0.000000000000000000e+00
0.000000000000000000e+00
9.999316930770874023e-01
6.033806377239302361e-16
1.000000000000000000e+00
0.000000000000000000e+00
1.000000000000000000e+00
1.000000000000000000e+00
1.000000000000000000e+00
1.000000000000000000e+00
1.000000000000000000e+00
9.405402124684769660e-06
1.000000000000000000e+00
1.000000000000000000e+00
0.000000000000000000e+00
1.000000000000000000e+00
1.000000000000000000e+00
1.000000000000000000e+00
0.000000000000000000e+00
2.144924197562317423e-36
1.000000000000000000e+00
1.000000000000000000e+00
1.000000000000000000e+00
0.000000000000000000e+00
1.000000000000000000e+00
1.000000000000000000e+00
1.000000000000000000e+00
1.000000000000000000e+00
0.000000000000000000e+00
9.310567378997802734e-02
1.000000000000000000e+00
0.000000000000000000e+00
7.608360052108764648e-01
1.000000000000000000e+00
0.000000000000000000e+00
1.000000000000000000e+00
9.999852180480957031e-01
1.000000000000000000e+00
9.889410734176635742e-01
1.000000000000000000e+00
1.000000000000000000e+00
3.768777417426290953e-32
7.870135507531652400e-24
2.298700809478759766e-02
0.000000000000000000e+00
1.000000000000000000e+00
1.000000000000000000e+00
9.999997019767761230e-01
9.258084893226623535e-01
1.000000000000000000e+00
5.258710787138029268e-29
1.000000000000000000e+00
1.323223114013671875e-04
4.422826894879851644e-21
3.783522183112987914e-20
1.000000000000000000e+00
8.604755627864761609e-19
1.000000000000000000e+00
1.624004988493559908e-27
1.000000000000000000e+00
1.000000000000000000e+00
2.364411191132139920e-26
1.000000000000000000e+00
7.323713302612304688e-01
1.432303093906739377e-07
1.000000000000000000e+00
2.278241614458997866e-12
1.000000000000000000e+00
0.000000000000000000e+00
2.683162689208984375e-03
1.000000000000000000e+00
1.000000000000000000e+00
2.036865825468884984e-19
4.614758381649153307e-06
1.249002777901648012e-26
0.000000000000000000e+00
1.000000000000000000e+00
0.000000000000000000e+00
1.000000000000000000e+00
0.000000000000000000e+00
2.781611204392964165e-13
0.000000000000000000e+00
3.111106483544290313e-09
5.441593398103350410e-09
1.000000000000000000e+00
6.722983947327065835e-09
4.685769550150098439e-09
8.903048263749407490e-30
1.000000000000000000e+00
9.972751140594482422e-04
1.000000000000000000e+00
8.853641702444292605e-06
1.269159023522894334e-36
7.322451710933819413e-05
1.000000000000000000e+00
0.000000000000000000e+00
0.000000000000000000e+00
3.388251432421001026e-15
1.000000000000000000e+00
2.657453079366370235e-36
1.767462126568798356e-17
1.000000000000000000e+00
1.000000000000000000e+00
1.000000000000000000e+00
1.000000000000000000e+00
1.000000000000000000e+00
1.000000000000000000e+00
1.201249537787336303e-20
9.945645332336425781e-01
0.000000000000000000e+00
0.000000000000000000e+00
1.000000000000000000e+00
1.149295870437561337e-21
1.000000000000000000e+00
2.376171716606649168e-36
0.000000000000000000e+00
4.422068595886230469e-04
1.101657442909402150e-25
9.999854564666748047e-01
1.000000000000000000e+00
0.000000000000000000e+00
1.000000000000000000e+00
9.944743942469358444e-05
3.832394845915132464e-09
0.000000000000000000e+00
1.000000000000000000e+00
0.000000000000000000e+00
4.326022090797475714e-24
7.245922195586729231e-10
1.000000000000000000e+00
9.123170822202761694e-26
0.000000000000000000e+00
1.000000000000000000e+00
1.000000000000000000e+00
1.555860042572021484e-02
1.000000000000000000e+00
1.000000000000000000e+00
1.000000000000000000e+00
4.163287011145488936e-13
1.000000000000000000e+00
1.000000000000000000e+00
9.999834299087524414e-01
1.234657133218108319e-21
1.000000000000000000e+00
1.000000000000000000e+00
1.000000000000000000e+00
9.999996423721313477e-01
9.999856352806091309e-01
6.087157726287841797e-01
8.588968094236491469e-22
1.000000000000000000e+00
1.000000000000000000e+00
9.952883720397949219e-01
1.000000000000000000e+00
9.797903299331665039e-01
2.066938281059265137e-01
6.189081347519009944e-33
2.821311627419875189e-28
1.000000000000000000e+00
1.000000000000000000e+00
1.760039627552032471e-01
9.175613026101873285e-22
1.000000000000000000e+00
1.000000000000000000e+00
1.016971811179400177e-32
1.834792435709904149e-27
1.000000000000000000e+00
2.662286301538758386e-26
3.259896909704740331e-12
1.000000000000000000e+00
9.593555544786922011e-18
0.000000000000000000e+00
1.000000000000000000e+00
4.523967072600498796e-05
1.000000000000000000e+00
1.000000000000000000e+00
4.620976637367865615e-21
0.000000000000000000e+00
1.000000000000000000e+00
0.000000000000000000e+00
1.000000000000000000e+00
1.281179806342236382e-12
0.000000000000000000e+00
2.037882804870605469e-04
3.275941541030575636e-19
1.000000000000000000e+00
1.885976871562888846e-06
0.000000000000000000e+00
0.000000000000000000e+00
1.000000000000000000e+00
1.000000000000000000e+00
1.541645531465004957e-29
1.000000000000000000e+00
8.104553161385326391e-38
1.000000000000000000e+00
1.863786578178405762e-02
0.000000000000000000e+00
9.999992251396179199e-01
1.000000000000000000e+00
9.999918937683105469e-01
1.000000000000000000e+00
1.106858253479003906e-03
3.183004260063171387e-02
1.000000000000000000e+00
1.000000000000000000e+00
1.000000000000000000e+00
1.000000000000000000e+00
3.343133693089908685e-16
9.962564706802368164e-01
5.045923444413347170e-06
1.218855572027166545e-11
1.000000000000000000e+00
1.000000000000000000e+00
0.000000000000000000e+00
1.000000000000000000e+00
1.000000000000000000e+00
2.690552723108238786e-14
0.000000000000000000e+00
9.829286648668543044e-22
1.000000000000000000e+00
1.545207220352012799e-37
0.000000000000000000e+00
1.000000000000000000e+00
1.000000000000000000e+00
2.774734093691222370e-05
1.205063654197147116e-05
1.000000000000000000e+00
2.379323986079577693e-17
2.670913934707641602e-03
0.000000000000000000e+00
9.981547594070434570e-01
6.218531131744384766e-01
7.607805132865905762e-01
8.745654600726717981e-21
0.000000000000000000e+00
1.000000000000000000e+00
2.388790249824523926e-02
1.000000000000000000e+00
5.455121397972106934e-02
1.000000000000000000e+00
9.851298365333337374e-34
0.000000000000000000e+00
1.000000000000000000e+00
1.000000000000000000e+00
1.000000000000000000e+00
1.000000000000000000e+00
1.000000000000000000e+00
4.818915536169968122e-28
9.999969005584716797e-01
1.000000000000000000e+00
3.543820183548270278e-30
1.000000000000000000e+00
6.629328961156911589e-35
9.999991655349731445e-01
3.213409898415731103e-13
2.860134243965148926e-01
1.000000000000000000e+00
1.977029278406750717e-14
3.010024118091392058e-22
1.000000000000000000e+00
1.134197874508302561e-10
0.000000000000000000e+00
2.726367115974426270e-02
1.878507054075428560e-16
2.388737479755714922e-24
9.999998211860656738e-01
0.000000000000000000e+00
9.997861981391906738e-01
1.000000000000000000e+00
1.000000000000000000e+00
8.701311306139171889e-25
8.879935588029048099e-33
1.000000000000000000e+00
2.633830904960632324e-02
8.133822149147817981e-08
1.000000000000000000e+00
3.348781367401149530e-35
2.660118513311955001e-30
9.999462366104125977e-01
1.000000000000000000e+00
7.427916557389835361e-07
1.248843036937756588e-15
9.865779210176951847e-26
9.999998807907104492e-01
0.000000000000000000e+00
2.630859613418579102e-03
1.000000000000000000e+00
4.507215386674289162e-31
9.707595705986022949e-01
1.000000000000000000e+00
1.000000000000000000e+00
0.000000000000000000e+00
1.000000000000000000e+00
3.360522304873825306e-09
9.636876852070486166e-10
0.000000000000000000e+00
1.000000000000000000e+00
1.000000000000000000e+00
2.214579400098883320e-31
1.000000000000000000e+00
1.000000000000000000e+00
1.000000000000000000e+00
2.670835448288627763e-30
1.000000000000000000e+00
3.017888588504496058e-29
9.999860525131225586e-01
5.487199583598112440e-10
1.635317213632973004e-37
1.000000000000000000e+00
0.000000000000000000e+00
9.999968409538269043e-01
0.000000000000000000e+00
1.000000000000000000e+00
1.000000000000000000e+00
6.546051461303603602e-12
5.020096267277042082e-30
1.000000000000000000e+00
0.000000000000000000e+00
1.000000000000000000e+00
1.000000000000000000e+00
9.999997615814208984e-01
1.775669040589420617e-29
1.000000000000000000e+00
1.000000000000000000e+00
1.000000000000000000e+00
1.000000000000000000e+00
1.000000000000000000e+00
1.000000000000000000e+00
1.000000000000000000e+00
1.000000000000000000e+00
9.153872269962448627e-06
1.000000000000000000e+00
0.000000000000000000e+00
0.000000000000000000e+00
1.000000000000000000e+00
3.770792122992361328e-09
1.000000000000000000e+00
1.000000000000000000e+00
0.000000000000000000e+00
1.000000000000000000e+00
0.000000000000000000e+00
1.000000000000000000e+00
1.000000000000000000e+00
0.000000000000000000e+00
1.234631336168989175e-17
1.000000000000000000e+00
1.000000000000000000e+00
9.999722242355346680e-01
1.000000000000000000e+00
1.000000000000000000e+00
1.232624053955078125e-03
1.000000000000000000e+00
1.000000000000000000e+00
1.000000000000000000e+00
1.745417152931686766e-26
9.999985694885253906e-01
9.999991655349731445e-01
3.352777659893035889e-01
1.000000000000000000e+00
9.567688703536987305e-01
